10 15
218 4 0 196 12 0 196 4 0 196 13 0 196 1 0 196 2 0 196 14 0 196 12 0 196 4 0 196 13 0 196 1 0 196 2 0 196 4 0 196 4 0 191 4 0 
179 12 0 32 0 0 32 0 0 32 0 0 32 0 0 32 0 0 32 0 0 32 0 0 32 0 0 32 0 0 32 0 0 32 0 0 32 0 0 32 0 0 179 2 0 
179 14 0 32 0 0 32 0 0 32 0 0 32 0 0 32 0 0 32 0 0 32 0 0 32 0 0 32 0 0 32 0 0 32 0 0 32 0 0 32 0 0 179 14 0 
179 2 0 32 0 0 32 0 0 32 0 0 32 0 0 32 0 0 32 0 0 32 0 0 32 0 0 32 0 0 32 0 0 32 0 0 32 0 0 32 0 0 179 12 0 
179 1 0 32 0 0 32 0 0 32 0 0 32 0 0 78 4 0 73 12 0 67 14 0 69 2 0 33 1 0 32 0 0 32 0 0 32 0 0 32 0 0 179 13 0 
179 13 0 32 0 0 32 0 0 32 0 0 32 0 0 32 0 0 32 0 0 32 0 0 32 0 0 32 0 0 32 0 0 32 0 0 32 0 0 32 0 0 179 1 0 
179 4 0 32 0 0 32 0 0 32 0 0 32 0 0 69 0 0 32 0 0 32 0 0 32 0 0 32 0 0 32 0 0 32 0 0 32 0 0 32 0 0 179 2 0 
179 12 0 32 0 0 32 0 0 32 0 0 32 0 0 32 0 0 32 0 0 32 0 0 32 0 0 32 0 0 32 0 0 32 0 0 32 0 0 32 0 0 179 14 0 
179 14 0 32 0 0 32 0 0 32 0 0 32 0 0 32 0 0 32 0 0 32 0 0 32 0 0 32 0 0 32 0 0 32 0 0 32 0 0 32 0 0 179 12 0 
192 4 0 196 12 0 196 14 0 196 2 0 196 1 0 196 5 0 196 4 0 196 12 0 196 14 0 196 10 0 196 1 0 196 13 0 196 4 0 196 12 0 217 4 0 
