10 15
218 15 0 196 15 0 196 15 0 196 15 0 196 15 0 196 15 0 196 15 0 196 15 0 196 15 0 196 15 0 196 15 0 196 15 0 196 15 0 196 15 0 191 15 0 
179 15 0 4 4 0 32 0 0 32 0 0 32 0 0 32 0 0 32 0 0 32 0 0 32 0 0 32 0 0 32 0 0 32 0 0 4 4 0 32 0 0 179 15 0 
179 15 0 32 0 0 32 0 0 32 0 0 32 0 0 32 0 0 32 0 0 32 0 0 32 0 0 32 0 0 32 0 0 32 0 0 32 0 0 32 0 0 179 15 0 
179 15 0 32 0 0 32 0 0 32 0 0 32 0 0 32 0 0 32 0 0 187 15 0 32 0 0 32 0 0 32 0 0 32 0 0 32 0 0 32 0 0 179 15 0 
179 15 0 32 0 0 32 0 0 32 0 0 32 0 0 32 0 0 32 0 0 186 15 0 32 0 0 32 0 0 32 0 0 32 0 0 32 0 0 32 0 0 179 15 0 
179 15 0 32 0 0 32 0 0 32 0 0 32 0 0 32 0 0 32 0 0 202 15 0 32 0 0 32 0 0 32 0 0 32 0 0 32 0 0 32 0 0 179 15 0 
179 15 0 32 0 0 32 0 0 32 0 0 32 0 0 32 0 0 32 0 0 32 0 0 32 0 0 32 0 0 32 0 0 32 0 0 32 0 0 32 0 0 179 15 0 
179 15 0 32 0 0 32 0 0 32 0 0 32 0 0 32 0 0 32 0 0 32 0 0 32 0 0 32 0 0 32 0 0 32 0 0 32 0 0 32 0 0 179 15 0 
179 15 0 4 4 0 32 0 0 32 0 0 32 0 0 32 0 0 32 0 0 32 0 0 32 0 0 32 0 0 32 0 0 32 0 0 32 0 0 4 4 0 179 15 0 
192 15 0 196 15 0 196 15 0 196 15 0 196 15 0 196 15 0 196 15 0 196 15 0 196 15 0 196 15 0 196 15 0 196 15 0 196 15 0 196 15 0 217 15 0 
